(kicad_pcb (version 20171130) (host pcbnew "(5.1.10)-1")

  (general
    (thickness 1.6)
    (drawings 15)
    (tracks 250)
    (zones 0)
    (modules 36)
    (nets 21)
  )

  (page A4)
  (title_block
    (title "pH and ORP electrometer")
    (date 2021-06-30)
    (rev A0)
    (company svcguy)
  )

  (layers
    (0 F.Cu signal)
    (31 B.Cu signal)
    (32 B.Adhes user)
    (33 F.Adhes user)
    (34 B.Paste user)
    (35 F.Paste user)
    (36 B.SilkS user)
    (37 F.SilkS user)
    (38 B.Mask user)
    (39 F.Mask user)
    (40 Dwgs.User user)
    (41 Cmts.User user)
    (42 Eco1.User user)
    (43 Eco2.User user)
    (44 Edge.Cuts user)
    (45 Margin user)
    (46 B.CrtYd user)
    (47 F.CrtYd user)
    (48 B.Fab user)
    (49 F.Fab user)
  )

  (setup
    (last_trace_width 0.25)
    (trace_clearance 0.2)
    (zone_clearance 0.254)
    (zone_45_only yes)
    (trace_min 0.2)
    (via_size 0.8)
    (via_drill 0.4)
    (via_min_size 0.4)
    (via_min_drill 0.3)
    (uvia_size 0.3)
    (uvia_drill 0.1)
    (uvias_allowed no)
    (uvia_min_size 0.2)
    (uvia_min_drill 0.1)
    (edge_width 0.05)
    (segment_width 0.2)
    (pcb_text_width 0.3)
    (pcb_text_size 1.5 1.5)
    (mod_edge_width 0.12)
    (mod_text_size 1 1)
    (mod_text_width 0.15)
    (pad_size 1.524 1.524)
    (pad_drill 0.762)
    (pad_to_mask_clearance 0)
    (aux_axis_origin 0 0)
    (grid_origin 151.638 146.304)
    (visible_elements 7FFFFFFF)
    (pcbplotparams
      (layerselection 0x00030_7ffffffe)
      (usegerberextensions false)
      (usegerberattributes true)
      (usegerberadvancedattributes true)
      (creategerberjobfile false)
      (excludeedgelayer true)
      (linewidth 0.100000)
      (plotframeref false)
      (viasonmask false)
      (mode 1)
      (useauxorigin false)
      (hpglpennumber 1)
      (hpglpenspeed 20)
      (hpglpendiameter 15.000000)
      (psnegative false)
      (psa4output false)
      (plotreference true)
      (plotvalue true)
      (plotinvisibletext false)
      (padsonsilk false)
      (subtractmaskfromsilk false)
      (outputformat 3)
      (mirror false)
      (drillshape 0)
      (scaleselection 1)
      (outputdirectory "fab/"))
  )

  (net 0 "")
  (net 1 /REF_V)
  (net 2 GNDA)
  (net 3 VDDA)
  (net 4 "Net-(C5-Pad1)")
  (net 5 "Net-(C6-Pad1)")
  (net 6 GND)
  (net 7 VDD)
  (net 8 "Net-(J1-Pad2)")
  (net 9 "Net-(J1-Pad1)")
  (net 10 /CS)
  (net 11 /SCK)
  (net 12 /MOSI)
  (net 13 /MISO)
  (net 14 /CS_ISO)
  (net 15 /PROBE_V)
  (net 16 /BIAS_V)
  (net 17 /SDO_ISO)
  (net 18 /SDI_ISO)
  (net 19 /SCK_ISO)
  (net 20 "Net-(C13-Pad1)")

  (net_class Default "This is the default net class."
    (clearance 0.2)
    (trace_width 0.25)
    (via_dia 0.8)
    (via_drill 0.4)
    (uvia_dia 0.3)
    (uvia_drill 0.1)
    (add_net /BIAS_V)
    (add_net /CS)
    (add_net /CS_ISO)
    (add_net /MISO)
    (add_net /MOSI)
    (add_net /PROBE_V)
    (add_net /REF_V)
    (add_net /SCK)
    (add_net /SCK_ISO)
    (add_net /SDI_ISO)
    (add_net /SDO_ISO)
    (add_net GND)
    (add_net GNDA)
    (add_net "Net-(C13-Pad1)")
    (add_net "Net-(C5-Pad1)")
    (add_net "Net-(C6-Pad1)")
    (add_net "Net-(J1-Pad1)")
    (add_net "Net-(J1-Pad2)")
    (add_net VDD)
    (add_net VDDA)
  )

  (module Connector_Coaxial:BNC_Amphenol_B6252HB-NPP3G-50_Horizontal (layer F.Cu) (tedit 60CA47EF) (tstamp 60CA57B5)
    (at 141.478 98.5012)
    (descr http://www.farnell.com/datasheets/612848.pdf)
    (tags "BNC Amphenol Horizontal")
    (path /60C6195E)
    (fp_text reference J1 (at 8.7122 1.6256) (layer F.SilkS)
      (effects (font (size 1 1) (thickness 0.15)))
    )
    (fp_text value BNC_PROBE (at 0.0254 -4.7752 180) (layer F.Fab)
      (effects (font (size 0.254 0.254) (thickness 0.0508)))
    )
    (fp_line (start 0 -12.5) (end 1 -11.5) (layer F.SilkS) (width 0.12))
    (fp_line (start 0 -12.5) (end -1 -11.5) (layer F.SilkS) (width 0.12))
    (fp_line (start 7.85 2.7) (end 7.85 -33.8) (layer F.CrtYd) (width 0.05))
    (fp_line (start 7.85 -33.8) (end -7.85 -33.8) (layer F.CrtYd) (width 0.05))
    (fp_line (start -7.85 2.7) (end -7.85 -33.8) (layer F.CrtYd) (width 0.05))
    (fp_line (start -7.85 2.7) (end 7.85 2.7) (layer F.CrtYd) (width 0.05))
    (fp_line (start -7.5 2.3) (end -7.5 -12.7) (layer F.SilkS) (width 0.12))
    (fp_line (start 7.5 2.3) (end -7.5 2.3) (layer F.SilkS) (width 0.12))
    (fp_line (start 7.5 -12.7) (end 7.5 2.3) (layer F.SilkS) (width 0.12))
    (fp_line (start -7.5 -12.7) (end 7.5 -12.7) (layer F.SilkS) (width 0.12))
    (fp_line (start -5 -14) (end 5 -15) (layer F.Fab) (width 0.1))
    (fp_line (start -7.35 -12.7) (end -7.35 2.2) (layer F.Fab) (width 0.1))
    (fp_line (start 7.35 -12.7) (end -7.35 -12.7) (layer F.Fab) (width 0.1))
    (fp_line (start 7.35 2.2) (end 7.35 -12.7) (layer F.Fab) (width 0.1))
    (fp_line (start -7.35 2.2) (end 7.35 2.2) (layer F.Fab) (width 0.1))
    (fp_line (start -6.35 -21.4) (end -6.35 -12.7) (layer F.Fab) (width 0.1))
    (fp_line (start 6.35 -21.4) (end -6.35 -21.4) (layer F.Fab) (width 0.1))
    (fp_line (start 6.35 -12.7) (end 6.35 -21.4) (layer F.Fab) (width 0.1))
    (fp_line (start -4.8 -33.3) (end -4.8 -21.4) (layer F.Fab) (width 0.1))
    (fp_line (start 4.8 -33.3) (end -4.8 -33.3) (layer F.Fab) (width 0.1))
    (fp_line (start 4.8 -21.4) (end 4.8 -33.3) (layer F.Fab) (width 0.1))
    (fp_circle (center 0 -28.07) (end 1 -28.07) (layer F.Fab) (width 0.1))
    (fp_line (start -5 -15) (end 5 -16) (layer F.Fab) (width 0.1))
    (fp_line (start -5 -16) (end 5 -17) (layer F.Fab) (width 0.1))
    (fp_line (start -5 -17) (end 5 -18) (layer F.Fab) (width 0.1))
    (fp_line (start -5 -18) (end 5 -19) (layer F.Fab) (width 0.1))
    (fp_line (start -5 -19) (end 5 -20) (layer F.Fab) (width 0.1))
    (fp_line (start -5 -20) (end 5 -21) (layer F.Fab) (width 0.1))
    (fp_text user %R (at 0 -6.5532) (layer F.Fab)
      (effects (font (size 0.254 0.254) (thickness 0.0508)))
    )
    (pad MP thru_hole oval (at -5.08 -5.08) (size 3.5 7) (drill 2.01) (layers *.Cu *.Mask))
    (pad MP thru_hole oval (at 5.08 -5.08) (size 3.5 7) (drill 2.01) (layers *.Cu *.Mask))
    (pad 1 thru_hole oval (at 0 0) (size 1.6 2.5) (drill 0.89) (layers *.Cu *.Mask)
      (net 9 "Net-(J1-Pad1)"))
    (pad 2 thru_hole oval (at -2.54 0) (size 1.6 2.5) (drill 0.89) (layers *.Cu *.Mask)
      (net 8 "Net-(J1-Pad2)"))
    (model :custom-kicad:031-71052-1010.stp
      (offset (xyz 0 30.099 6.35))
      (scale (xyz 1 1 1))
      (rotate (xyz -90 0 90))
    )
  )

  (module jlcpcb_smt:C_0603_1608Metric (layer F.Cu) (tedit 6021E324) (tstamp 60CA56E0)
    (at 147.6756 116.84 90)
    (descr "Capacitor SMD 0603 (1608 Metric), square (rectangular) end terminal, IPC_7351 nominal, (Body size source: http://www.tortai-tech.com/upload/download/2011102023233369053.pdf), generated with kicad-footprint-generator")
    (tags capacitor)
    (path /60CBEBA1)
    (attr smd)
    (fp_text reference C1 (at 3.048 -0.1016 180) (layer F.SilkS)
      (effects (font (size 1 1) (thickness 0.15)))
    )
    (fp_text value 0.1uF (at -0.254 0) (layer F.Fab)
      (effects (font (size 0.25 0.25) (thickness 0.04)))
    )
    (fp_line (start -0.8 0.4) (end -0.8 -0.4) (layer F.Fab) (width 0.1))
    (fp_line (start -0.8 -0.4) (end 0.8 -0.4) (layer F.Fab) (width 0.1))
    (fp_line (start 0.8 -0.4) (end 0.8 0.4) (layer F.Fab) (width 0.1))
    (fp_line (start 0.8 0.4) (end -0.8 0.4) (layer F.Fab) (width 0.1))
    (fp_line (start -0.162779 -0.51) (end 0.162779 -0.51) (layer F.SilkS) (width 0.12))
    (fp_line (start -0.162779 0.51) (end 0.162779 0.51) (layer F.SilkS) (width 0.12))
    (fp_line (start -1.48 0.73) (end -1.48 -0.73) (layer F.CrtYd) (width 0.05))
    (fp_line (start -1.48 -0.73) (end 1.48 -0.73) (layer F.CrtYd) (width 0.05))
    (fp_line (start 1.48 -0.73) (end 1.48 0.73) (layer F.CrtYd) (width 0.05))
    (fp_line (start 1.48 0.73) (end -1.48 0.73) (layer F.CrtYd) (width 0.05))
    (fp_text user %R (at 0.508 0.0254) (layer F.Fab)
      (effects (font (size 0.25 0.25) (thickness 0.04)))
    )
    (pad 1 smd roundrect (at -0.7875 0 90) (size 0.875 0.95) (layers F.Cu F.Paste F.Mask) (roundrect_rratio 0.25)
      (net 1 /REF_V))
    (pad 2 smd roundrect (at 0.7875 0 90) (size 0.875 0.95) (layers F.Cu F.Paste F.Mask) (roundrect_rratio 0.25)
      (net 2 GNDA))
    (model ${KISYS3DMOD}/Capacitor_SMD.3dshapes/C_0603_1608Metric.wrl
      (at (xyz 0 0 0))
      (scale (xyz 1 1 1))
      (rotate (xyz 0 0 0))
    )
  )

  (module jlcpcb_smt:C_0603_1608Metric (layer F.Cu) (tedit 6021E324) (tstamp 60CA5702)
    (at 147.6756 120.0404 270)
    (descr "Capacitor SMD 0603 (1608 Metric), square (rectangular) end terminal, IPC_7351 nominal, (Body size source: http://www.tortai-tech.com/upload/download/2011102023233369053.pdf), generated with kicad-footprint-generator")
    (tags capacitor)
    (path /60CB115B)
    (attr smd)
    (fp_text reference C3 (at 3.1496 -0.0254 180) (layer F.SilkS)
      (effects (font (size 1 1) (thickness 0.15)))
    )
    (fp_text value 0.1uF (at 0.6096 0) (layer F.Fab)
      (effects (font (size 0.25 0.25) (thickness 0.04)))
    )
    (fp_line (start 1.48 0.73) (end -1.48 0.73) (layer F.CrtYd) (width 0.05))
    (fp_line (start 1.48 -0.73) (end 1.48 0.73) (layer F.CrtYd) (width 0.05))
    (fp_line (start -1.48 -0.73) (end 1.48 -0.73) (layer F.CrtYd) (width 0.05))
    (fp_line (start -1.48 0.73) (end -1.48 -0.73) (layer F.CrtYd) (width 0.05))
    (fp_line (start -0.162779 0.51) (end 0.162779 0.51) (layer F.SilkS) (width 0.12))
    (fp_line (start -0.162779 -0.51) (end 0.162779 -0.51) (layer F.SilkS) (width 0.12))
    (fp_line (start 0.8 0.4) (end -0.8 0.4) (layer F.Fab) (width 0.1))
    (fp_line (start 0.8 -0.4) (end 0.8 0.4) (layer F.Fab) (width 0.1))
    (fp_line (start -0.8 -0.4) (end 0.8 -0.4) (layer F.Fab) (width 0.1))
    (fp_line (start -0.8 0.4) (end -0.8 -0.4) (layer F.Fab) (width 0.1))
    (fp_text user %R (at -0.0254 0) (layer F.Fab)
      (effects (font (size 0.25 0.25) (thickness 0.04)))
    )
    (pad 2 smd roundrect (at 0.7875 0 270) (size 0.875 0.95) (layers F.Cu F.Paste F.Mask) (roundrect_rratio 0.25)
      (net 2 GNDA))
    (pad 1 smd roundrect (at -0.7875 0 270) (size 0.875 0.95) (layers F.Cu F.Paste F.Mask) (roundrect_rratio 0.25)
      (net 3 VDDA))
    (model ${KISYS3DMOD}/Capacitor_SMD.3dshapes/C_0603_1608Metric.wrl
      (at (xyz 0 0 0))
      (scale (xyz 1 1 1))
      (rotate (xyz 0 0 0))
    )
  )

  (module jlcpcb_smt:C_0603_1608Metric (layer F.Cu) (tedit 6021E324) (tstamp 60CA5724)
    (at 145.288 117.4496)
    (descr "Capacitor SMD 0603 (1608 Metric), square (rectangular) end terminal, IPC_7351 nominal, (Body size source: http://www.tortai-tech.com/upload/download/2011102023233369053.pdf), generated with kicad-footprint-generator")
    (tags capacitor)
    (path /60C83556)
    (attr smd)
    (fp_text reference C5 (at 0.8128 -2.3876) (layer F.SilkS)
      (effects (font (size 1 1) (thickness 0.15)))
    )
    (fp_text value 10nF (at 0 0 180) (layer F.Fab)
      (effects (font (size 0.25 0.25) (thickness 0.04)))
    )
    (fp_line (start -0.8 0.4) (end -0.8 -0.4) (layer F.Fab) (width 0.1))
    (fp_line (start -0.8 -0.4) (end 0.8 -0.4) (layer F.Fab) (width 0.1))
    (fp_line (start 0.8 -0.4) (end 0.8 0.4) (layer F.Fab) (width 0.1))
    (fp_line (start 0.8 0.4) (end -0.8 0.4) (layer F.Fab) (width 0.1))
    (fp_line (start -0.162779 -0.51) (end 0.162779 -0.51) (layer F.SilkS) (width 0.12))
    (fp_line (start -0.162779 0.51) (end 0.162779 0.51) (layer F.SilkS) (width 0.12))
    (fp_line (start -1.48 0.73) (end -1.48 -0.73) (layer F.CrtYd) (width 0.05))
    (fp_line (start -1.48 -0.73) (end 1.48 -0.73) (layer F.CrtYd) (width 0.05))
    (fp_line (start 1.48 -0.73) (end 1.48 0.73) (layer F.CrtYd) (width 0.05))
    (fp_line (start 1.48 0.73) (end -1.48 0.73) (layer F.CrtYd) (width 0.05))
    (fp_text user %R (at 0 -0.6096 180) (layer F.Fab)
      (effects (font (size 0.25 0.25) (thickness 0.04)))
    )
    (pad 1 smd roundrect (at -0.7875 0) (size 0.875 0.95) (layers F.Cu F.Paste F.Mask) (roundrect_rratio 0.25)
      (net 4 "Net-(C5-Pad1)"))
    (pad 2 smd roundrect (at 0.7875 0) (size 0.875 0.95) (layers F.Cu F.Paste F.Mask) (roundrect_rratio 0.25)
      (net 2 GNDA))
    (model ${KISYS3DMOD}/Capacitor_SMD.3dshapes/C_0603_1608Metric.wrl
      (at (xyz 0 0 0))
      (scale (xyz 1 1 1))
      (rotate (xyz 0 0 0))
    )
  )

  (module jlcpcb_smt:C_0603_1608Metric (layer F.Cu) (tedit 6021E324) (tstamp 60CA5735)
    (at 142.2908 117.4496 180)
    (descr "Capacitor SMD 0603 (1608 Metric), square (rectangular) end terminal, IPC_7351 nominal, (Body size source: http://www.tortai-tech.com/upload/download/2011102023233369053.pdf), generated with kicad-footprint-generator")
    (tags capacitor)
    (path /60C82C84)
    (attr smd)
    (fp_text reference C6 (at 0.9906 2.1336) (layer F.SilkS)
      (effects (font (size 1 1) (thickness 0.15)))
    )
    (fp_text value 10nF (at 0.0508 0.0254 180) (layer F.Fab)
      (effects (font (size 0.25 0.25) (thickness 0.04)))
    )
    (fp_line (start 1.48 0.73) (end -1.48 0.73) (layer F.CrtYd) (width 0.05))
    (fp_line (start 1.48 -0.73) (end 1.48 0.73) (layer F.CrtYd) (width 0.05))
    (fp_line (start -1.48 -0.73) (end 1.48 -0.73) (layer F.CrtYd) (width 0.05))
    (fp_line (start -1.48 0.73) (end -1.48 -0.73) (layer F.CrtYd) (width 0.05))
    (fp_line (start -0.162779 0.51) (end 0.162779 0.51) (layer F.SilkS) (width 0.12))
    (fp_line (start -0.162779 -0.51) (end 0.162779 -0.51) (layer F.SilkS) (width 0.12))
    (fp_line (start 0.8 0.4) (end -0.8 0.4) (layer F.Fab) (width 0.1))
    (fp_line (start 0.8 -0.4) (end 0.8 0.4) (layer F.Fab) (width 0.1))
    (fp_line (start -0.8 -0.4) (end 0.8 -0.4) (layer F.Fab) (width 0.1))
    (fp_line (start -0.8 0.4) (end -0.8 -0.4) (layer F.Fab) (width 0.1))
    (fp_text user %R (at 0.0508 0.6096 180) (layer F.Fab)
      (effects (font (size 0.25 0.25) (thickness 0.04)))
    )
    (pad 2 smd roundrect (at 0.7875 0 180) (size 0.875 0.95) (layers F.Cu F.Paste F.Mask) (roundrect_rratio 0.25)
      (net 2 GNDA))
    (pad 1 smd roundrect (at -0.7875 0 180) (size 0.875 0.95) (layers F.Cu F.Paste F.Mask) (roundrect_rratio 0.25)
      (net 5 "Net-(C6-Pad1)"))
    (model ${KISYS3DMOD}/Capacitor_SMD.3dshapes/C_0603_1608Metric.wrl
      (at (xyz 0 0 0))
      (scale (xyz 1 1 1))
      (rotate (xyz 0 0 0))
    )
  )

  (module Capacitor_Tantalum_SMD:CP_EIA-2012-15_AVX-P (layer F.Cu) (tedit 5EBA9318) (tstamp 60CA5748)
    (at 150.0632 107.6452 270)
    (descr "Tantalum Capacitor SMD AVX-P (2012-15 Metric), IPC_7351 nominal, (Body size from: https://www.vishay.com/docs/40182/tmch.pdf), generated with kicad-footprint-generator")
    (tags "capacitor tantalum")
    (path /60C62A0C)
    (attr smd)
    (fp_text reference C7 (at -2.54 0.0762 180) (layer F.SilkS)
      (effects (font (size 1 1) (thickness 0.15)))
    )
    (fp_text value 0.1uF (at 0.0508 -0.0508 180) (layer F.Fab)
      (effects (font (size 0.254 0.254) (thickness 0.0508)))
    )
    (fp_line (start 1.7 0.88) (end -1.7 0.88) (layer F.CrtYd) (width 0.05))
    (fp_line (start 1.7 -0.88) (end 1.7 0.88) (layer F.CrtYd) (width 0.05))
    (fp_line (start -1.7 -0.88) (end 1.7 -0.88) (layer F.CrtYd) (width 0.05))
    (fp_line (start -1.7 0.88) (end -1.7 -0.88) (layer F.CrtYd) (width 0.05))
    (fp_line (start -1.71 0.785) (end 1 0.785) (layer F.SilkS) (width 0.12))
    (fp_line (start -1.71 -0.785) (end -1.71 0.785) (layer F.SilkS) (width 0.12))
    (fp_line (start 1 -0.785) (end -1.71 -0.785) (layer F.SilkS) (width 0.12))
    (fp_line (start 1 0.625) (end 1 -0.625) (layer F.Fab) (width 0.1))
    (fp_line (start -1 0.625) (end 1 0.625) (layer F.Fab) (width 0.1))
    (fp_line (start -1 -0.3125) (end -1 0.625) (layer F.Fab) (width 0.1))
    (fp_line (start -0.6875 -0.625) (end -1 -0.3125) (layer F.Fab) (width 0.1))
    (fp_line (start 1 -0.625) (end -0.6875 -0.625) (layer F.Fab) (width 0.1))
    (fp_text user %R (at -0.4572 0 180) (layer F.Fab)
      (effects (font (size 0.254 0.254) (thickness 0.0508)))
    )
    (pad 1 smd roundrect (at -0.8875 0 270) (size 1.125 1.05) (layers F.Cu F.Paste F.Mask) (roundrect_rratio 0.2380942857142857)
      (net 3 VDDA))
    (pad 2 smd roundrect (at 0.8875 0 270) (size 1.125 1.05) (layers F.Cu F.Paste F.Mask) (roundrect_rratio 0.2380942857142857)
      (net 2 GNDA))
    (model ${KISYS3DMOD}/Capacitor_Tantalum_SMD.3dshapes/CP_EIA-2012-15_AVX-P.wrl
      (at (xyz 0 0 0))
      (scale (xyz 1 1 1))
      (rotate (xyz 0 0 0))
    )
  )

  (module Capacitor_Tantalum_SMD:CP_EIA-2012-15_AVX-P (layer F.Cu) (tedit 5EBA9318) (tstamp 60CAD9B2)
    (at 138.7856 102.1588)
    (descr "Tantalum Capacitor SMD AVX-P (2012-15 Metric), IPC_7351 nominal, (Body size from: https://www.vishay.com/docs/40182/tmch.pdf), generated with kicad-footprint-generator")
    (tags "capacitor tantalum")
    (path /60C7C57E)
    (attr smd)
    (fp_text reference C8 (at -2.8702 0.0762) (layer F.SilkS)
      (effects (font (size 1 1) (thickness 0.15)))
    )
    (fp_text value 0.1uF (at 0.1524 0.2032) (layer F.Fab)
      (effects (font (size 0.254 0.254) (thickness 0.0508)))
    )
    (fp_line (start 1 -0.625) (end -0.6875 -0.625) (layer F.Fab) (width 0.1))
    (fp_line (start -0.6875 -0.625) (end -1 -0.3125) (layer F.Fab) (width 0.1))
    (fp_line (start -1 -0.3125) (end -1 0.625) (layer F.Fab) (width 0.1))
    (fp_line (start -1 0.625) (end 1 0.625) (layer F.Fab) (width 0.1))
    (fp_line (start 1 0.625) (end 1 -0.625) (layer F.Fab) (width 0.1))
    (fp_line (start 1 -0.785) (end -1.71 -0.785) (layer F.SilkS) (width 0.12))
    (fp_line (start -1.71 -0.785) (end -1.71 0.785) (layer F.SilkS) (width 0.12))
    (fp_line (start -1.71 0.785) (end 1 0.785) (layer F.SilkS) (width 0.12))
    (fp_line (start -1.7 0.88) (end -1.7 -0.88) (layer F.CrtYd) (width 0.05))
    (fp_line (start -1.7 -0.88) (end 1.7 -0.88) (layer F.CrtYd) (width 0.05))
    (fp_line (start 1.7 -0.88) (end 1.7 0.88) (layer F.CrtYd) (width 0.05))
    (fp_line (start 1.7 0.88) (end -1.7 0.88) (layer F.CrtYd) (width 0.05))
    (fp_text user %R (at 0 -0.3048) (layer F.Fab)
      (effects (font (size 0.254 0.254) (thickness 0.0508)))
    )
    (pad 2 smd roundrect (at 0.8875 0) (size 1.125 1.05) (layers F.Cu F.Paste F.Mask) (roundrect_rratio 0.2380942857142857)
      (net 2 GNDA))
    (pad 1 smd roundrect (at -0.8875 0) (size 1.125 1.05) (layers F.Cu F.Paste F.Mask) (roundrect_rratio 0.2380942857142857)
      (net 3 VDDA))
    (model ${KISYS3DMOD}/Capacitor_Tantalum_SMD.3dshapes/CP_EIA-2012-15_AVX-P.wrl
      (at (xyz 0 0 0))
      (scale (xyz 1 1 1))
      (rotate (xyz 0 0 0))
    )
  )

  (module jlcpcb_smt:C_0603_1608Metric (layer F.Cu) (tedit 6021E324) (tstamp 60CA576C)
    (at 142.24 126.3904)
    (descr "Capacitor SMD 0603 (1608 Metric), square (rectangular) end terminal, IPC_7351 nominal, (Body size source: http://www.tortai-tech.com/upload/download/2011102023233369053.pdf), generated with kicad-footprint-generator")
    (tags capacitor)
    (path /60CD32C4)
    (attr smd)
    (fp_text reference C9 (at -1.905 -1.4224) (layer F.SilkS)
      (effects (font (size 1 1) (thickness 0.15)))
    )
    (fp_text value 0.1uF (at -0.762 0.6096 180) (layer F.Fab)
      (effects (font (size 0.25 0.25) (thickness 0.04)))
    )
    (fp_line (start -0.8 0.4) (end -0.8 -0.4) (layer F.Fab) (width 0.1))
    (fp_line (start -0.8 -0.4) (end 0.8 -0.4) (layer F.Fab) (width 0.1))
    (fp_line (start 0.8 -0.4) (end 0.8 0.4) (layer F.Fab) (width 0.1))
    (fp_line (start 0.8 0.4) (end -0.8 0.4) (layer F.Fab) (width 0.1))
    (fp_line (start -0.162779 -0.51) (end 0.162779 -0.51) (layer F.SilkS) (width 0.12))
    (fp_line (start -0.162779 0.51) (end 0.162779 0.51) (layer F.SilkS) (width 0.12))
    (fp_line (start -1.48 0.73) (end -1.48 -0.73) (layer F.CrtYd) (width 0.05))
    (fp_line (start -1.48 -0.73) (end 1.48 -0.73) (layer F.CrtYd) (width 0.05))
    (fp_line (start 1.48 -0.73) (end 1.48 0.73) (layer F.CrtYd) (width 0.05))
    (fp_line (start 1.48 0.73) (end -1.48 0.73) (layer F.CrtYd) (width 0.05))
    (fp_text user %R (at 0 0 180) (layer F.Fab)
      (effects (font (size 0.25 0.25) (thickness 0.04)))
    )
    (pad 1 smd roundrect (at -0.7875 0) (size 0.875 0.95) (layers F.Cu F.Paste F.Mask) (roundrect_rratio 0.25)
      (net 3 VDDA))
    (pad 2 smd roundrect (at 0.7875 0) (size 0.875 0.95) (layers F.Cu F.Paste F.Mask) (roundrect_rratio 0.25)
      (net 2 GNDA))
    (model ${KISYS3DMOD}/Capacitor_SMD.3dshapes/C_0603_1608Metric.wrl
      (at (xyz 0 0 0))
      (scale (xyz 1 1 1))
      (rotate (xyz 0 0 0))
    )
  )

  (module jlcpcb_smt:C_0603_1608Metric (layer F.Cu) (tedit 6021E324) (tstamp 60CA577D)
    (at 140.589 140.462 180)
    (descr "Capacitor SMD 0603 (1608 Metric), square (rectangular) end terminal, IPC_7351 nominal, (Body size source: http://www.tortai-tech.com/upload/download/2011102023233369053.pdf), generated with kicad-footprint-generator")
    (tags capacitor)
    (path /60CDB22C)
    (attr smd)
    (fp_text reference C10 (at 3.048 0) (layer F.SilkS)
      (effects (font (size 1 1) (thickness 0.15)))
    )
    (fp_text value 0.1uF (at -0.381 -0.0254 180) (layer F.Fab)
      (effects (font (size 0.25 0.25) (thickness 0.04)))
    )
    (fp_line (start -0.8 0.4) (end -0.8 -0.4) (layer F.Fab) (width 0.1))
    (fp_line (start -0.8 -0.4) (end 0.8 -0.4) (layer F.Fab) (width 0.1))
    (fp_line (start 0.8 -0.4) (end 0.8 0.4) (layer F.Fab) (width 0.1))
    (fp_line (start 0.8 0.4) (end -0.8 0.4) (layer F.Fab) (width 0.1))
    (fp_line (start -0.162779 -0.51) (end 0.162779 -0.51) (layer F.SilkS) (width 0.12))
    (fp_line (start -0.162779 0.51) (end 0.162779 0.51) (layer F.SilkS) (width 0.12))
    (fp_line (start -1.48 0.73) (end -1.48 -0.73) (layer F.CrtYd) (width 0.05))
    (fp_line (start -1.48 -0.73) (end 1.48 -0.73) (layer F.CrtYd) (width 0.05))
    (fp_line (start 1.48 -0.73) (end 1.48 0.73) (layer F.CrtYd) (width 0.05))
    (fp_line (start 1.48 0.73) (end -1.48 0.73) (layer F.CrtYd) (width 0.05))
    (fp_text user %R (at 0.635 -0.0254 180) (layer F.Fab)
      (effects (font (size 0.25 0.25) (thickness 0.04)))
    )
    (pad 1 smd roundrect (at -0.7875 0 180) (size 0.875 0.95) (layers F.Cu F.Paste F.Mask) (roundrect_rratio 0.25)
      (net 7 VDD))
    (pad 2 smd roundrect (at 0.7875 0 180) (size 0.875 0.95) (layers F.Cu F.Paste F.Mask) (roundrect_rratio 0.25)
      (net 6 GND))
    (model ${KISYS3DMOD}/Capacitor_SMD.3dshapes/C_0603_1608Metric.wrl
      (at (xyz 0 0 0))
      (scale (xyz 1 1 1))
      (rotate (xyz 0 0 0))
    )
  )

  (module Capacitor_Tantalum_SMD:CP_EIA-2012-15_AVX-P (layer F.Cu) (tedit 5EBA9318) (tstamp 60CA5790)
    (at 136.1948 114.808 90)
    (descr "Tantalum Capacitor SMD AVX-P (2012-15 Metric), IPC_7351 nominal, (Body size from: https://www.vishay.com/docs/40182/tmch.pdf), generated with kicad-footprint-generator")
    (tags "capacitor tantalum")
    (path /60C7C991)
    (attr smd)
    (fp_text reference C11 (at 0 -2.3368 180) (layer F.SilkS)
      (effects (font (size 1 1) (thickness 0.15)))
    )
    (fp_text value 0.1uF (at 0 0 180) (layer F.Fab)
      (effects (font (size 0.254 0.254) (thickness 0.0508)))
    )
    (fp_line (start 1.7 0.88) (end -1.7 0.88) (layer F.CrtYd) (width 0.05))
    (fp_line (start 1.7 -0.88) (end 1.7 0.88) (layer F.CrtYd) (width 0.05))
    (fp_line (start -1.7 -0.88) (end 1.7 -0.88) (layer F.CrtYd) (width 0.05))
    (fp_line (start -1.7 0.88) (end -1.7 -0.88) (layer F.CrtYd) (width 0.05))
    (fp_line (start -1.71 0.785) (end 1 0.785) (layer F.SilkS) (width 0.12))
    (fp_line (start -1.71 -0.785) (end -1.71 0.785) (layer F.SilkS) (width 0.12))
    (fp_line (start 1 -0.785) (end -1.71 -0.785) (layer F.SilkS) (width 0.12))
    (fp_line (start 1 0.625) (end 1 -0.625) (layer F.Fab) (width 0.1))
    (fp_line (start -1 0.625) (end 1 0.625) (layer F.Fab) (width 0.1))
    (fp_line (start -1 -0.3125) (end -1 0.625) (layer F.Fab) (width 0.1))
    (fp_line (start -0.6875 -0.625) (end -1 -0.3125) (layer F.Fab) (width 0.1))
    (fp_line (start 1 -0.625) (end -0.6875 -0.625) (layer F.Fab) (width 0.1))
    (fp_text user %R (at 0.508 0 180) (layer F.Fab)
      (effects (font (size 0.254 0.254) (thickness 0.0508)))
    )
    (pad 1 smd roundrect (at -0.8875 0 90) (size 1.125 1.05) (layers F.Cu F.Paste F.Mask) (roundrect_rratio 0.2380942857142857)
      (net 1 /REF_V))
    (pad 2 smd roundrect (at 0.8875 0 90) (size 1.125 1.05) (layers F.Cu F.Paste F.Mask) (roundrect_rratio 0.2380942857142857)
      (net 2 GNDA))
    (model ${KISYS3DMOD}/Capacitor_Tantalum_SMD.3dshapes/CP_EIA-2012-15_AVX-P.wrl
      (at (xyz 0 0 0))
      (scale (xyz 1 1 1))
      (rotate (xyz 0 0 0))
    )
  )

  (module jlcpcb_smt:R_0603_1608Metric (layer F.Cu) (tedit 6021E3EF) (tstamp 60CA582D)
    (at 140.97 121.6152 270)
    (descr "Resistor SMD 0603 (1608 Metric), square (rectangular) end terminal, IPC_7351 nominal, (Body size source: http://www.tortai-tech.com/upload/download/2011102023233369053.pdf), generated with kicad-footprint-generator")
    (tags resistor)
    (path /60E8AF3D)
    (attr smd)
    (fp_text reference R1 (at -2.2098 -0.0254) (layer F.SilkS)
      (effects (font (size 1 1) (thickness 0.15)))
    )
    (fp_text value 10k (at 0.3048 0) (layer F.Fab)
      (effects (font (size 0.25 0.25) (thickness 0.04)))
    )
    (fp_line (start -0.8 0.4) (end -0.8 -0.4) (layer F.Fab) (width 0.1))
    (fp_line (start -0.8 -0.4) (end 0.8 -0.4) (layer F.Fab) (width 0.1))
    (fp_line (start 0.8 -0.4) (end 0.8 0.4) (layer F.Fab) (width 0.1))
    (fp_line (start 0.8 0.4) (end -0.8 0.4) (layer F.Fab) (width 0.1))
    (fp_line (start -0.162779 -0.51) (end 0.162779 -0.51) (layer F.SilkS) (width 0.12))
    (fp_line (start -0.162779 0.51) (end 0.162779 0.51) (layer F.SilkS) (width 0.12))
    (fp_line (start -1.48 0.73) (end -1.48 -0.73) (layer F.CrtYd) (width 0.05))
    (fp_line (start -1.48 -0.73) (end 1.48 -0.73) (layer F.CrtYd) (width 0.05))
    (fp_line (start 1.48 -0.73) (end 1.48 0.73) (layer F.CrtYd) (width 0.05))
    (fp_line (start 1.48 0.73) (end -1.48 0.73) (layer F.CrtYd) (width 0.05))
    (fp_text user %R (at -0.3302 0) (layer F.Fab)
      (effects (font (size 0.25 0.25) (thickness 0.04)))
    )
    (pad 1 smd roundrect (at -0.7875 0 270) (size 0.875 0.95) (layers F.Cu F.Paste F.Mask) (roundrect_rratio 0.25)
      (net 3 VDDA))
    (pad 2 smd roundrect (at 0.7875 0 270) (size 0.875 0.95) (layers F.Cu F.Paste F.Mask) (roundrect_rratio 0.25)
      (net 14 /CS_ISO))
    (model ${KISYS3DMOD}/Resistor_SMD.3dshapes/R_0603_1608Metric.wrl
      (at (xyz 0 0 0))
      (scale (xyz 1 1 1))
      (rotate (xyz 0 0 0))
    )
  )

  (module jlcpcb_smt:R_0603_1608Metric (layer F.Cu) (tedit 6021E3EF) (tstamp 60CA583E)
    (at 144.5768 115.1636 90)
    (descr "Resistor SMD 0603 (1608 Metric), square (rectangular) end terminal, IPC_7351 nominal, (Body size source: http://www.tortai-tech.com/upload/download/2011102023233369053.pdf), generated with kicad-footprint-generator")
    (tags resistor)
    (path /60C83C37)
    (attr smd)
    (fp_text reference R2 (at 2.159 0.4572) (layer F.SilkS)
      (effects (font (size 1 1) (thickness 0.15)))
    )
    (fp_text value 0 (at -0.1524 0) (layer F.Fab)
      (effects (font (size 0.25 0.25) (thickness 0.04)))
    )
    (fp_line (start 1.48 0.73) (end -1.48 0.73) (layer F.CrtYd) (width 0.05))
    (fp_line (start 1.48 -0.73) (end 1.48 0.73) (layer F.CrtYd) (width 0.05))
    (fp_line (start -1.48 -0.73) (end 1.48 -0.73) (layer F.CrtYd) (width 0.05))
    (fp_line (start -1.48 0.73) (end -1.48 -0.73) (layer F.CrtYd) (width 0.05))
    (fp_line (start -0.162779 0.51) (end 0.162779 0.51) (layer F.SilkS) (width 0.12))
    (fp_line (start -0.162779 -0.51) (end 0.162779 -0.51) (layer F.SilkS) (width 0.12))
    (fp_line (start 0.8 0.4) (end -0.8 0.4) (layer F.Fab) (width 0.1))
    (fp_line (start 0.8 -0.4) (end 0.8 0.4) (layer F.Fab) (width 0.1))
    (fp_line (start -0.8 -0.4) (end 0.8 -0.4) (layer F.Fab) (width 0.1))
    (fp_line (start -0.8 0.4) (end -0.8 -0.4) (layer F.Fab) (width 0.1))
    (fp_text user %R (at 0.3556 0) (layer F.Fab)
      (effects (font (size 0.25 0.25) (thickness 0.04)))
    )
    (pad 2 smd roundrect (at 0.7875 0 90) (size 0.875 0.95) (layers F.Cu F.Paste F.Mask) (roundrect_rratio 0.25)
      (net 15 /PROBE_V))
    (pad 1 smd roundrect (at -0.7875 0 90) (size 0.875 0.95) (layers F.Cu F.Paste F.Mask) (roundrect_rratio 0.25)
      (net 4 "Net-(C5-Pad1)"))
    (model ${KISYS3DMOD}/Resistor_SMD.3dshapes/R_0603_1608Metric.wrl
      (at (xyz 0 0 0))
      (scale (xyz 1 1 1))
      (rotate (xyz 0 0 0))
    )
  )

  (module jlcpcb_smt:R_0603_1608Metric (layer F.Cu) (tedit 6021E3EF) (tstamp 60CA584F)
    (at 143.002 115.1636 90)
    (descr "Resistor SMD 0603 (1608 Metric), square (rectangular) end terminal, IPC_7351 nominal, (Body size source: http://www.tortai-tech.com/upload/download/2011102023233369053.pdf), generated with kicad-footprint-generator")
    (tags resistor)
    (path /60C84856)
    (attr smd)
    (fp_text reference R3 (at 2.159 -0.508) (layer F.SilkS)
      (effects (font (size 1 1) (thickness 0.15)))
    )
    (fp_text value 0 (at -0.1524 0) (layer F.Fab)
      (effects (font (size 0.25 0.25) (thickness 0.04)))
    )
    (fp_line (start -0.8 0.4) (end -0.8 -0.4) (layer F.Fab) (width 0.1))
    (fp_line (start -0.8 -0.4) (end 0.8 -0.4) (layer F.Fab) (width 0.1))
    (fp_line (start 0.8 -0.4) (end 0.8 0.4) (layer F.Fab) (width 0.1))
    (fp_line (start 0.8 0.4) (end -0.8 0.4) (layer F.Fab) (width 0.1))
    (fp_line (start -0.162779 -0.51) (end 0.162779 -0.51) (layer F.SilkS) (width 0.12))
    (fp_line (start -0.162779 0.51) (end 0.162779 0.51) (layer F.SilkS) (width 0.12))
    (fp_line (start -1.48 0.73) (end -1.48 -0.73) (layer F.CrtYd) (width 0.05))
    (fp_line (start -1.48 -0.73) (end 1.48 -0.73) (layer F.CrtYd) (width 0.05))
    (fp_line (start 1.48 -0.73) (end 1.48 0.73) (layer F.CrtYd) (width 0.05))
    (fp_line (start 1.48 0.73) (end -1.48 0.73) (layer F.CrtYd) (width 0.05))
    (fp_text user %R (at 0.3556 0) (layer F.Fab)
      (effects (font (size 0.25 0.25) (thickness 0.04)))
    )
    (pad 1 smd roundrect (at -0.7875 0 90) (size 0.875 0.95) (layers F.Cu F.Paste F.Mask) (roundrect_rratio 0.25)
      (net 5 "Net-(C6-Pad1)"))
    (pad 2 smd roundrect (at 0.7875 0 90) (size 0.875 0.95) (layers F.Cu F.Paste F.Mask) (roundrect_rratio 0.25)
      (net 16 /BIAS_V))
    (model ${KISYS3DMOD}/Resistor_SMD.3dshapes/R_0603_1608Metric.wrl
      (at (xyz 0 0 0))
      (scale (xyz 1 1 1))
      (rotate (xyz 0 0 0))
    )
  )

  (module jlcpcb_smt:C_0603_1608Metric (layer F.Cu) (tedit 6021E324) (tstamp 60CA5860)
    (at 137.2616 121.3104)
    (descr "Capacitor SMD 0603 (1608 Metric), square (rectangular) end terminal, IPC_7351 nominal, (Body size source: http://www.tortai-tech.com/upload/download/2011102023233369053.pdf), generated with kicad-footprint-generator")
    (tags capacitor)
    (path /60C760D2)
    (attr smd)
    (fp_text reference R4 (at 1.8034 1.4986) (layer F.SilkS)
      (effects (font (size 1 1) (thickness 0.15)))
    )
    (fp_text value 1k (at 0.4064 0.1016 180) (layer F.Fab)
      (effects (font (size 0.25 0.25) (thickness 0.04)))
    )
    (fp_line (start -0.8 0.4) (end -0.8 -0.4) (layer F.Fab) (width 0.1))
    (fp_line (start -0.8 -0.4) (end 0.8 -0.4) (layer F.Fab) (width 0.1))
    (fp_line (start 0.8 -0.4) (end 0.8 0.4) (layer F.Fab) (width 0.1))
    (fp_line (start 0.8 0.4) (end -0.8 0.4) (layer F.Fab) (width 0.1))
    (fp_line (start -0.162779 -0.51) (end 0.162779 -0.51) (layer F.SilkS) (width 0.12))
    (fp_line (start -0.162779 0.51) (end 0.162779 0.51) (layer F.SilkS) (width 0.12))
    (fp_line (start -1.48 0.73) (end -1.48 -0.73) (layer F.CrtYd) (width 0.05))
    (fp_line (start -1.48 -0.73) (end 1.48 -0.73) (layer F.CrtYd) (width 0.05))
    (fp_line (start 1.48 -0.73) (end 1.48 0.73) (layer F.CrtYd) (width 0.05))
    (fp_line (start 1.48 0.73) (end -1.48 0.73) (layer F.CrtYd) (width 0.05))
    (fp_text user %R (at -0.3556 0.1016 180) (layer F.Fab)
      (effects (font (size 0.25 0.25) (thickness 0.04)))
    )
    (pad 1 smd roundrect (at -0.7875 0) (size 0.875 0.95) (layers F.Cu F.Paste F.Mask) (roundrect_rratio 0.25)
      (net 3 VDDA))
    (pad 2 smd roundrect (at 0.7875 0) (size 0.875 0.95) (layers F.Cu F.Paste F.Mask) (roundrect_rratio 0.25)
      (net 1 /REF_V))
    (model ${KISYS3DMOD}/Capacitor_SMD.3dshapes/C_0603_1608Metric.wrl
      (at (xyz 0 0 0))
      (scale (xyz 1 1 1))
      (rotate (xyz 0 0 0))
    )
  )

  (module jlcpcb_smt:R_0603_1608Metric (layer F.Cu) (tedit 6021E3EF) (tstamp 60CA5871)
    (at 138.0236 115.1128 90)
    (descr "Resistor SMD 0603 (1608 Metric), square (rectangular) end terminal, IPC_7351 nominal, (Body size source: http://www.tortai-tech.com/upload/download/2011102023233369053.pdf), generated with kicad-footprint-generator")
    (tags resistor)
    (path /60C8CEA5)
    (attr smd)
    (fp_text reference R5 (at 2.7178 -0.4826) (layer F.SilkS)
      (effects (font (size 1 1) (thickness 0.15)))
    )
    (fp_text value 10k (at -0.2032 1.6256) (layer F.Fab)
      (effects (font (size 0.25 0.25) (thickness 0.04)))
    )
    (fp_line (start -0.8 0.4) (end -0.8 -0.4) (layer F.Fab) (width 0.1))
    (fp_line (start -0.8 -0.4) (end 0.8 -0.4) (layer F.Fab) (width 0.1))
    (fp_line (start 0.8 -0.4) (end 0.8 0.4) (layer F.Fab) (width 0.1))
    (fp_line (start 0.8 0.4) (end -0.8 0.4) (layer F.Fab) (width 0.1))
    (fp_line (start -0.162779 -0.51) (end 0.162779 -0.51) (layer F.SilkS) (width 0.12))
    (fp_line (start -0.162779 0.51) (end 0.162779 0.51) (layer F.SilkS) (width 0.12))
    (fp_line (start -1.48 0.73) (end -1.48 -0.73) (layer F.CrtYd) (width 0.05))
    (fp_line (start -1.48 -0.73) (end 1.48 -0.73) (layer F.CrtYd) (width 0.05))
    (fp_line (start 1.48 -0.73) (end 1.48 0.73) (layer F.CrtYd) (width 0.05))
    (fp_line (start 1.48 0.73) (end -1.48 0.73) (layer F.CrtYd) (width 0.05))
    (fp_text user %R (at 0.3048 1.6764) (layer F.Fab)
      (effects (font (size 0.25 0.25) (thickness 0.04)))
    )
    (pad 1 smd roundrect (at -0.7875 0 90) (size 0.875 0.95) (layers F.Cu F.Paste F.Mask) (roundrect_rratio 0.25)
      (net 1 /REF_V))
    (pad 2 smd roundrect (at 0.7875 0 90) (size 0.875 0.95) (layers F.Cu F.Paste F.Mask) (roundrect_rratio 0.25)
      (net 16 /BIAS_V))
    (model ${KISYS3DMOD}/Resistor_SMD.3dshapes/R_0603_1608Metric.wrl
      (at (xyz 0 0 0))
      (scale (xyz 1 1 1))
      (rotate (xyz 0 0 0))
    )
  )

  (module jlcpcb_smt:R_0603_1608Metric (layer F.Cu) (tedit 6021E3EF) (tstamp 60CA5882)
    (at 139.6492 115.1128 270)
    (descr "Resistor SMD 0603 (1608 Metric), square (rectangular) end terminal, IPC_7351 nominal, (Body size source: http://www.tortai-tech.com/upload/download/2011102023233369053.pdf), generated with kicad-footprint-generator")
    (tags resistor)
    (path /60C8E0DE)
    (attr smd)
    (fp_text reference R6 (at -2.7178 -0.1778) (layer F.SilkS)
      (effects (font (size 1 1) (thickness 0.15)))
    )
    (fp_text value 10k (at 0.2032 1.6002) (layer F.Fab)
      (effects (font (size 0.25 0.25) (thickness 0.04)))
    )
    (fp_line (start 1.48 0.73) (end -1.48 0.73) (layer F.CrtYd) (width 0.05))
    (fp_line (start 1.48 -0.73) (end 1.48 0.73) (layer F.CrtYd) (width 0.05))
    (fp_line (start -1.48 -0.73) (end 1.48 -0.73) (layer F.CrtYd) (width 0.05))
    (fp_line (start -1.48 0.73) (end -1.48 -0.73) (layer F.CrtYd) (width 0.05))
    (fp_line (start -0.162779 0.51) (end 0.162779 0.51) (layer F.SilkS) (width 0.12))
    (fp_line (start -0.162779 -0.51) (end 0.162779 -0.51) (layer F.SilkS) (width 0.12))
    (fp_line (start 0.8 0.4) (end -0.8 0.4) (layer F.Fab) (width 0.1))
    (fp_line (start 0.8 -0.4) (end 0.8 0.4) (layer F.Fab) (width 0.1))
    (fp_line (start -0.8 -0.4) (end 0.8 -0.4) (layer F.Fab) (width 0.1))
    (fp_line (start -0.8 0.4) (end -0.8 -0.4) (layer F.Fab) (width 0.1))
    (fp_text user %R (at -0.3048 1.651) (layer F.Fab)
      (effects (font (size 0.25 0.25) (thickness 0.04)))
    )
    (pad 2 smd roundrect (at 0.7875 0 270) (size 0.875 0.95) (layers F.Cu F.Paste F.Mask) (roundrect_rratio 0.25)
      (net 2 GNDA))
    (pad 1 smd roundrect (at -0.7875 0 270) (size 0.875 0.95) (layers F.Cu F.Paste F.Mask) (roundrect_rratio 0.25)
      (net 16 /BIAS_V))
    (model ${KISYS3DMOD}/Resistor_SMD.3dshapes/R_0603_1608Metric.wrl
      (at (xyz 0 0 0))
      (scale (xyz 1 1 1))
      (rotate (xyz 0 0 0))
    )
  )

  (module Package_SO:MSOP-10_3x3mm_P0.5mm (layer F.Cu) (tedit 5A02F25C) (tstamp 60CA5911)
    (at 144.4752 121.5136 270)
    (descr "10-Lead Plastic Micro Small Outline Package (MS) [MSOP] (see Microchip Packaging Specification 00000049BS.pdf)")
    (tags "SSOP 0.5")
    (path /60E63977)
    (attr smd)
    (fp_text reference U1 (at 2.3368 2.667 180) (layer F.SilkS)
      (effects (font (size 1 1) (thickness 0.15)))
    )
    (fp_text value LTC2433 (at 0.635 0 180) (layer F.Fab)
      (effects (font (size 0.254 0.254) (thickness 0.0508)))
    )
    (fp_line (start -1.675 -1.45) (end -2.9 -1.45) (layer F.SilkS) (width 0.15))
    (fp_line (start -1.675 1.675) (end 1.675 1.675) (layer F.SilkS) (width 0.15))
    (fp_line (start -1.675 -1.675) (end 1.675 -1.675) (layer F.SilkS) (width 0.15))
    (fp_line (start -1.675 1.675) (end -1.675 1.375) (layer F.SilkS) (width 0.15))
    (fp_line (start 1.675 1.675) (end 1.675 1.375) (layer F.SilkS) (width 0.15))
    (fp_line (start 1.675 -1.675) (end 1.675 -1.375) (layer F.SilkS) (width 0.15))
    (fp_line (start -1.675 -1.675) (end -1.675 -1.45) (layer F.SilkS) (width 0.15))
    (fp_line (start -3.15 1.85) (end 3.15 1.85) (layer F.CrtYd) (width 0.05))
    (fp_line (start -3.15 -1.85) (end 3.15 -1.85) (layer F.CrtYd) (width 0.05))
    (fp_line (start 3.15 -1.85) (end 3.15 1.85) (layer F.CrtYd) (width 0.05))
    (fp_line (start -3.15 -1.85) (end -3.15 1.85) (layer F.CrtYd) (width 0.05))
    (fp_line (start -1.5 -0.5) (end -0.5 -1.5) (layer F.Fab) (width 0.15))
    (fp_line (start -1.5 1.5) (end -1.5 -0.5) (layer F.Fab) (width 0.15))
    (fp_line (start 1.5 1.5) (end -1.5 1.5) (layer F.Fab) (width 0.15))
    (fp_line (start 1.5 -1.5) (end 1.5 1.5) (layer F.Fab) (width 0.15))
    (fp_line (start -0.5 -1.5) (end 1.5 -1.5) (layer F.Fab) (width 0.15))
    (fp_text user %R (at -0.5842 0.0508 180) (layer F.Fab)
      (effects (font (size 0.254 0.254) (thickness 0.0508)))
    )
    (pad 1 smd rect (at -2.2 -1 270) (size 1.4 0.3) (layers F.Cu F.Paste F.Mask)
      (net 3 VDDA))
    (pad 2 smd rect (at -2.2 -0.5 270) (size 1.4 0.3) (layers F.Cu F.Paste F.Mask)
      (net 1 /REF_V))
    (pad 3 smd rect (at -2.2 0 270) (size 1.4 0.3) (layers F.Cu F.Paste F.Mask)
      (net 2 GNDA))
    (pad 4 smd rect (at -2.2 0.5 270) (size 1.4 0.3) (layers F.Cu F.Paste F.Mask)
      (net 4 "Net-(C5-Pad1)"))
    (pad 5 smd rect (at -2.2 1 270) (size 1.4 0.3) (layers F.Cu F.Paste F.Mask)
      (net 5 "Net-(C6-Pad1)"))
    (pad 6 smd rect (at 2.2 1 270) (size 1.4 0.3) (layers F.Cu F.Paste F.Mask)
      (net 2 GNDA))
    (pad 7 smd rect (at 2.2 0.5 270) (size 1.4 0.3) (layers F.Cu F.Paste F.Mask)
      (net 14 /CS_ISO))
    (pad 8 smd rect (at 2.2 0 270) (size 1.4 0.3) (layers F.Cu F.Paste F.Mask)
      (net 17 /SDO_ISO))
    (pad 9 smd rect (at 2.2 -0.5 270) (size 1.4 0.3) (layers F.Cu F.Paste F.Mask)
      (net 19 /SCK_ISO))
    (pad 10 smd rect (at 2.2 -1 270) (size 1.4 0.3) (layers F.Cu F.Paste F.Mask)
      (net 2 GNDA))
    (model ${KISYS3DMOD}/Package_SO.3dshapes/MSOP-10_3x3mm_P0.5mm.wrl
      (at (xyz 0 0 0))
      (scale (xyz 1 1 1))
      (rotate (xyz 0 0 0))
    )
  )

  (module Package_SO:SOIC-8_3.9x4.9mm_P1.27mm (layer F.Cu) (tedit 5D9F72B1) (tstamp 60CA592B)
    (at 144.9832 106.1212)
    (descr "SOIC, 8 Pin (JEDEC MS-012AA, https://www.analog.com/media/en/package-pcb-resources/package/pkg_pdf/soic_narrow-r/r_8.pdf), generated with kicad-footprint-generator ipc_gullwing_generator.py")
    (tags "SOIC SO")
    (path /60C61229)
    (attr smd)
    (fp_text reference U2 (at 0 -3.6322) (layer F.SilkS)
